01101000011000000100000001100001011100000101101100101001001000000101010001000100000000000000010000011000000100000100001000110000010001000100000000010000001101000100101100111100
00001000010000000110000000100001010000010101101000100001001100000011010001000100000100000100010001000111000100000100010101010011010101000100001000110000001000000100001100111000
01100000001000000100000001100001010100010110001101100001001100000101010100000000000100000000110001010010000100000100111001010011000001000110001000010000001001000100101001111100
01101000000000000100000100100001010000010001101000101001001000000011010101000001001000000010011001010010000101000000000001110001000001000011001000010001001001000110100101110100
01101000001000010100000000100000010100100101101100100001001000000001010001000110000100000100010000010100001100000000100101010000010001000111000000010001001000000110100000111000
01101000010000000100000100100011010100010001101100001001001100000000010001000001000000000100110001000001000100000000010101110000000001000101000000010000001001000100001100111000
00101000000000010100000100100001010100110101101100100001001000000011010101000110001100000000010000010110000100000100100001010010010001000001000000010010001000000110101100110001
00101000001000010100000100100001011100100110101001100001001000000000010101010000000000000100010001000000000100000001110100010001010101000101001000010001001001000110000100011000
01101000001000000100000000101001010100100001101000100001001100000010010001001011000100000000010001011100001100000000110101110001010001000100000000010001001001000100001100110000
00100000000000010110000100101000010100010100101001010001001100000000000001000000000100000100000001000110000100000100011101010011010101000101001000010000001101000100001101111100
00100000011000000100000101100001010100100001101001000001001000000011010001001100000100000000000001011000001100000100100001110001010101000101000000010001001001000110000100111000
01101000010000000100000100100001011100000010000000000001001000000010010101000001000100000010100001010000001100000001110000010001000101000110000000010000000000000100101101011100
00100000000000000100001101100001010100110101100101100001001100000100000101001111000100000110010001010110000100000100111000110001010001000100000000010000001100000110101101111101
00100000000000000110000100000011010100110010101001100001001000000010010000000000000000000000011001000000001000000001010001110001010001000100001000010000001001000100101101111100
01101000000000000110000000100001011100110100101001001001000100000010010100010001000100000100010000010010000101000000010001110010010100000111000000000001001001000100101100011100
00101000000000000110000000100001010100010000101001101001001000000111010101001101000100000000011001011110000101000100010101010000010001000111000000010000001101000110001100110100
01101000001000000100000001100000010100010000001001100001001000000111010101000110001100000010110000011000000100000100110100010000010001000011000000010000001001000100101100111000
01100000001000000100000000000011010100100000101000100001001100000001010001001100001100000100010001010100000100000100110001010001000001000100001000010000001101000110001001010000
01101000010000000100000100101011010100100011100101000001001100000011010101000100001100000110010001011000001100000101110001010000010101000100001000000001000001000110001100111100
01101000001000000110000000100001010100110000101001100001001000000010010001000100001100000000010001001000001100000001100101010001001101000111000000010001001001000010101101011000
